Length	KI	KII	KIII	NPos	Crd-x	Crd-y	Crd-z	e1-x	e1-y	e1-z	e2-x	e2-y	e2-z	e3-x	e3-y	e3-z
0	3.43937	-0.297703	0.0201683	0.5	-0.0959322	-2.98653	6.34994	0.682029	-0.731324	-0.00121679	-0.730908	-0.681583	-0.0348995	0.0246935	0.0246918	-0.99939
0.213093	7.35744	-2.45733	-0.0233749	0.5	0.0232679	-3.16316	6.3488	0.559763	-0.828591	-0.010115	-0.827914	-0.558706	-0.0490633	0.0350021	0.0358382	-0.998744
0.417009	10.7927	-0.21815	-0.127497	0.5	0.030705	-3.36672	6.35828	0.0479965	-0.998669	-0.0188929	-0.997965	-0.0472026	-0.0428773	0.0419284	0.0209124	-0.998902
0.63618	12.2847	-0.527106	-0.174467	0.5	0.0305554	-3.58485	6.37958	0.00587344	-0.999981	0.00171273	-0.99902	-0.00597101	-0.0438678	0.0438772	-0.0014534	-0.999036
0.85061	13.7414	-0.218659	-0.125856	0.5	0.0147837	-3.79835	6.36735	-0.0749652	-0.997082	-0.014427	-0.996604	0.0751939	-0.033554	0.0345409	0.0118626	-0.999333
1.05457	15.2527	-0.0767113	-0.13291	0.5	-0.00774388	-4.00107	6.36644	-0.110091	-0.993751	-0.0184062	-0.99336	0.11063	-0.0315597	0.0333988	0.0148095	-0.999332
1.26513	16.5003	-0.15933	-0.147323	0.5	-0.0343749	-4.20977	6.37475	-0.12459	-0.992062	-0.0170517	-0.991706	0.125051	-0.0296834	0.0315801	0.013212	-0.999414
1.47602	17.8009	-0.0762988	-0.110712	0.5	-0.0651219	-4.41522	6.33844	-0.150801	-0.987899	-0.0362568	-0.988153	0.151608	-0.0238575	0.0290656	0.0322295	-0.999058
1.70852	18.933	-0.0617979	-0.165113	0.5	-0.101836	-4.62797	6.42473	-0.159308	-0.987229	0.000191397	-0.986869	0.159098	-0.0278838	0.0274973	-0.004631	-0.999611
1.9175	20.0818	0.064722	-0.197981	0.5	-0.135002	-4.82703	6.37046	-0.172783	-0.984956	-0.00262568	-0.984591	0.172786	-0.0269337	0.0269822	-0.00206846	-0.999634
2.12951	21.2512	0.089497	-0.178674	0.5	-0.173048	-5.02968	6.41981	-0.178157	-0.983991	-0.00475532	-0.98367	0.178213	-0.0251794	0.0256237	0.000191785	-0.999672
