Length	KI	KII	KIII	NPos	Crd-x	Crd-y	Crd-z	e1-x	e1-y	e1-z	e2-x	e2-y	e2-z	e3-x	e3-y	e3-z
0	2.00946	0.329326	-0.0162317	0.5	0.0459811	-2.76951	6.44982	0.920524	-0.39067	-0.00366732	-0.390672	-0.920365	-0.0174524	0.00344286	0.0174981	-0.999841
0.0974823	2.66466	-0.286902	-0.00460895	0.5	0.143048	-2.77848	6.45043	0.995708	-0.0925167	-0.00261975	-0.0925853	-0.995658	-0.00967121	-0.00171362	0.00987225	-0.99995
0.282213	3.02851	0.370629	-0.00610306	0.5	0.316758	-2.84129	6.4483	0.940407	-0.339792	-0.0132349	-0.339915	-0.940414	-0.00885578	-0.00943716	0.0128268	-0.999873
0.410994	3.64898	0.214436	0.0151748	0.5	0.444687	-2.85532	6.44364	0.993888	-0.110275	-0.00511604	-0.110312	-0.993877	-0.00631173	-0.00438869	0.00683751	-0.999967
0.627463	3.56309	0.352605	0.0236307	0.5	0.654749	-2.85978	6.49573	0.997973	-0.0212682	0.0599835	-0.0210368	-0.999769	-0.0045155	0.0600656	0.00324448	-0.998189
0.772561	3.8823	0.153699	0.0287929	0.5	0.797513	-2.83494	6.50312	0.98465	0.170729	0.0362653	0.170884	-0.98529	-0.00122185	0.0355232	0.00740026	-0.999341
0.958986	4.09639	0.155554	0.00727342	0.5	0.951973	-2.79535	6.5997	0.968409	0.241447	0.0623438	0.242333	-0.970168	-0.00697184	0.0588007	0.0218596	-0.99803
1.15068	4.18611	0.0734124	0.0563351	0.5	1.12009	-2.73831	6.67203	0.943564	0.317836	0.0930998	0.318193	-0.947948	0.0121958	0.09213	0.0181162	-0.995582
1.35201	4.22198	0.331573	-0.00725092	0.5	1.31254	-2.67941	6.67715	0.955327	0.29467	0.0228055	0.295022	-0.955389	-0.0139518	0.017677	0.0200567	-0.999643
1.49721	4.41994	-0.0924234	-0.00905934	0.5	1.44027	-2.61067	6.68373	0.880347	0.473993	0.0179152	0.474203	-0.880357	-0.010157	0.0109574	0.0174371	-0.999788
