Length	KI	KII	KIII	NPos	Crd-x	Crd-y	Crd-z	e1-x	e1-y	e1-z	e2-x	e2-y	e2-z	e3-x	e3-y	e3-z
0	2.96124	0.23281	-0.0388865	0.5	0.0459811	-2.76951	6.44982	0.920524	-0.39067	-0.00366732	-0.390672	-0.920365	-0.0174524	0.00344286	0.0174981	-0.999841
0.101591	3.85976	-0.945009	-0.0139766	0.5	0.144493	-2.79431	6.45098	0.969659	-0.244444	-0.00282597	-0.244536	-0.969639	-0.00163686	-0.00234005	0.00227825	-0.999995
0.284105	5.12459	-0.47695	-0.00554479	0.5	0.283518	-2.91255	6.4494	0.762342	-0.647127	-0.0078524	-0.647103	-0.762388	0.00473882	-0.00905319	0.00146872	-0.999958
0.436555	5.93968	-0.249428	0.00220803	0.5	0.377482	-3.03258	6.44723	0.617331	-0.78663	0.0107475	-0.786691	-0.617339	0.00304193	0.00424198	-0.0103328	-0.999938
0.648415	5.54506	-0.712071	0.00468897	0.5	0.501147	-3.20441	6.45531	0.583972	-0.811771	-0.002232	-0.811743	-0.583974	0.00690227	-0.00690649	-0.00221892	-0.999974
0.839158	5.46992	-0.656934	-0.0317914	0.5	0.584498	-3.37148	6.49435	0.446005	-0.894763	0.0218982	-0.894958	-0.446148	-0.0013184	0.0109495	-0.01901	-0.999759
1.01348	5.473	-0.54845	0.0122819	0.5	0.635492	-3.53749	6.47926	0.293856	-0.955839	-0.00457196	-0.955815	-0.293887	0.00691762	-0.00795577	0.00233717	-0.999966
1.17074	5.60396	-0.366916	0.0196289	0.5	0.657756	-3.69188	6.45928	0.145884	-0.989271	-0.00778288	-0.989244	-0.145965	0.00950957	-0.0105436	0.00631187	-0.999924
1.35554	5.37518	-0.601521	0.000632817	0.5	0.680238	-3.87517	6.46624	0.122225	-0.992502	0.000402399	-0.992493	-0.122224	0.0044104	-0.00432815	-0.000938438	-0.99999
1.55441	5.06277	-0.770079	-0.00566476	0.5	0.692302	-4.07216	6.49075	0.0610742	-0.998099	0.00830289	-0.998133	-0.0610697	0.000800467	-0.00029189	-0.00833627	-0.999965
1.76038	4.68934	-0.851477	-0.0165096	0.5	0.687137	-4.27336	6.53453	-0.0247562	-0.999627	0.0115533	-0.999693	0.0247416	-0.00101862	0.000732388	-0.011575	-0.999933
