Length	KI	KII	KIII	NPos	Crd-x	Crd-y	Crd-z	e1-x	e1-y	e1-z	e2-x	e2-y	e2-z	e3-x	e3-y	e3-z
0	6.36716	-0.00572552	-0.00250022	0.5	-0.0946785	-2.98532	5.76	0.707111	-0.707103	0	0	0	-1	0.707103	0.707111	0
0.476185	21.8385	0.0362112	0.0108515	0.5	0.236682	-3.3273	5.75926	0.699111	-0.715011	-0.00155957	-0.0010902	0.00111572	-0.999999	0.715012	0.699112	5.06515e-07
0.877372	31.223	0.0639194	-0.012467	0.5	0.520146	-3.6112	5.75813	0.701993	-0.712178	-0.00286332	-0.00161272	0.00243014	-0.999996	0.712182	0.701995	0.000557401
1.36187	37.4919	-0.117391	-0.0184639	0.5	0.853964	-3.96235	5.76005	0.704962	-0.709234	0.00389053	0.00287141	-0.00262722	-0.999992	0.709239	0.704968	0.000184412
1.75791	44.3244	0.160379	-0.0184726	0.5	1.12465	-4.25144	5.75878	0.699381	-0.714742	-0.0031715	-0.00204469	0.00243576	-0.999995	0.714746	0.699384	0.000242102
2.16597	51.2754	-0.163743	-0.00108387	0.5	1.36903	-4.57823	5.7603	0.688447	-0.725278	0.00354344	0.00255021	-0.00246329	-0.999994	0.725282	0.688452	0.000153766
