Length	KI	KII	KIII	NPos	Crd-x	Crd-y	Crd-z	e1-x	e1-y	e1-z	e2-x	e2-y	e2-z	e3-x	e3-y	e3-z
0	3.43937	-0.297703	0.0201683	0.5	-0.0959322	-2.98653	6.34994	0.682029	-0.731324	-0.00121679	-0.730908	-0.681583	-0.0348995	0.0246935	0.0246918	-0.99939
0.485222	8.35132	-4.50131	-0.0228449	0.5	0.175614	-3.38864	6.3473	0.559821	-0.828545	-0.0106491	-0.827826	-0.558679	-0.0508168	0.0361546	0.0372639	-0.998651
0.934436	14.9249	0.23664	-0.412944	0.5	0.102069	-3.82947	6.39264	-0.146839	-0.989159	0.00172403	-0.987715	0.146301	-0.0549161	0.0540685	-0.00976668	-0.998489
1.39428	18.1806	-0.167857	-0.2949	0.5	0.0347409	-4.28386	6.41399	-0.144066	-0.989405	-0.0179859	-0.988774	0.144647	-0.0374696	0.0396742	0.0123859	-0.999136
1.92229	20.2959	-0.020201	-0.324471	0.5	-0.0569086	-4.8026	6.45006	-0.170739	-0.985238	-0.0124401	-0.984658	0.17092	-0.0351461	0.0367535	0.00624844	-0.999305
2.37578	23.0174	0.0205489	-0.310684	0.5	-0.140362	-5.24834	6.45092	-0.18423	-0.982854	-0.00762045	-0.982397	0.184366	-0.0300898	0.0309788	0.00194287	-0.999518
