Length	KI	KII	KIII	NPos	Crd-x	Crd-y	Crd-z	e1-x	e1-y	e1-z	e2-x	e2-y	e2-z	e3-x	e3-y	e3-z
0	2.96124	0.23281	-0.0388865	0.5	0.0459811	-2.76951	6.44982	0.920524	-0.39067	-0.00366732	-0.390672	-0.920365	-0.0174524	0.00344286	0.0174981	-0.999841
0.0998646	3.87582	-1.0966	-0.0136585	0.5	0.143577	-2.79065	6.45096	0.977207	-0.212284	0.00137586	-0.21229	-0.977202	0.00314801	0.000676221	-0.00336834	-0.999994
0.545656	5.44991	-1.11892	-0.0165174	0.5	0.484403	-3.07799	6.44953	0.764314	-0.64483	0.00423954	-0.64484	-0.764317	0.00108676	0.00253957	-0.00356445	-0.99999
0.947715	6.05034	-0.698118	-0.00586	0.5	0.67103	-3.43071	6.40039	0.471001	-0.882037	-0.0130127	-0.882055	-0.471105	0.00618274	-0.0115837	0.00856581	-0.999896
1.46027	6.03371	-0.602579	-0.0226867	0.5	0.764255	-3.77027	6.02794	0.287202	-0.95472	-0.0776199	-0.957689	-0.287781	-0.00385974	-0.0186525	0.0754442	-0.996976
