Length	KI	KII	KIII	NPos	Crd-x	Crd-y	Crd-z	e1-x	e1-y	e1-z	e2-x	e2-y	e2-z	e3-x	e3-y	e3-z
0	2.00946	0.329326	-0.0162317	0.5	0.0459811	-2.76951	6.44982	0.920524	-0.39067	-0.00366732	-0.390672	-0.920365	-0.0174524	0.00344286	0.0174981	-0.999841
0.0976034	2.65984	-0.378137	-0.00512978	0.5	0.143374	-2.77588	6.45052	0.99778	-0.0665913	0.000930379	-0.0665917	-0.997753	-0.00742117	0.00142247	0.00734274	-0.999972
0.541052	3.09931	0.822717	-0.00373849	0.5	0.559175	-2.92997	6.44725	0.937932	-0.346534	-0.0140445	-0.34662	-0.937998	-0.00380677	-0.0118545	0.00843859	-0.999894
0.872774	4.01137	0.554731	0.0271719	0.5	0.886695	-2.89656	6.48792	0.994911	0.100133	0.0112208	0.100144	-0.994973	-0.000435702	0.0111208	0.00155718	-0.999937
1.61045	2.64077	0.948892	-0.0988872	0.5	1.59967	-2.72101	6.41705	0.966984	0.238728	-0.089164	0.237003	-0.971057	-0.0296159	-0.0936535	0.00750595	-0.995577
